key,Level,Emote,MinTime,MaxTime,PlaceName,Name
2162688,4876856,22,800,1159,27,梭魚碼頭
2162689,4876859,22,1800,459,27,阿斯塔利西亞號海盜船
2162690,4876905,58,500,759,30,海詞石窟的紀念碑
2162691,4876907,22,1200,1659,30,天梯
2162692,4876912,22,800,1159,30,拉撒格蘭東路
2162693,4876920,22,1800,459,31,砂鹽海岸
2162694,4876921,22,500,759,31,赤血雄雞農場的田地
2162695,4876926,22,500,759,33,釀酒師燈塔
2162696,4868036,22,1200,1659,39,皮革師行會
2162697,4876928,22,1800,459,39,碧企鵝瀑布
2162698,4877070,50,1200,1659,54,彎枝牧場
2162699,4877071,58,800,1159,55,十二神大聖堂
2162700,4877072,22,1800,459,55,風精靈暫留地
2162701,4877073,31,500,759,51,御道
2162702,4877074,22,1200,1659,51,黃金廣場
2162703,4877077,22,1800,459,42,貿易城邦烏爾達哈
2162704,4877078,22,800,1159,43,希拉狄哈遺跡
2162705,4877079,9,1700,1759,44,古卜的遺骸
2162706,4877081,22,800,1159,44,消逝王都
2162707,4877082,58,500,759,44,跨天橋
2162708,4877083,22,1200,1659,30,輕聲谷
2162709,4877084,22,500,759,30,盛夏農莊
2162710,4877085,22,1200,1659,31,灰艦風車群
2162711,4877087,52,800,1159,32,隱密瀑布
2162712,4877088,22,1800,459,32,白鷗塔
2162713,4877089,58,1700,1759,33,小麥酒港的利姆萊茵像
2162714,4877090,22,1800,459,33,船舶墓場
2162715,4877091,22,800,1159,33,骷髏谷營地
2162716,4877092,22,1200,1659,33,南北防波堤
2162717,4877099,22,1700,1759,34,石綠湖營地
2162718,4877101,22,1200,1659,34,撒拉奧斯的遺骸
2162719,4877103,22,1800,459,34,吉吉盧恩交易商店
2162720,4877105,22,1800,459,350,尼姆浮游遺跡
2162721,4877106,22,500,759,350,瞭望陣營地
2162722,4877107,22,1200,1659,350,武伽瑪羅武裝礦山
2162723,4877108,50,1800,459,350,隱者庵
2162724,4877111,22,800,1159,39,魔女咖啡館和大水車
2162725,4868037,22,500,759,39,槍術士行會
2162726,4877112,22,500,759,54,烤餅練兵所
2162727,4877113,22,1800,459,54,靜語莊園
2162728,4877163,22,1200,1659,54,長老樹
2162729,4877165,22,1100,1359,54,虹橋瀑布
2162730,4878703,22,1800,459,55,搖籃樹
2162731,4878736,22,800,1159,56,巴斯卡隆酒家
2162732,4878759,22,800,1159,56,森南飛艇坪
2162733,4878763,22,1200,1659,56,兀爾德恩惠地
2162734,4878764,22,500,759,56,石場水車
2162735,4878773,22,1200,1659,57,鳥人軍採伐所
2162736,4878784,22,1800,459,57,隕石背陰地
2162737,4878790,22,800,1159,57,榿木泉
2162738,4879319,22,1700,1759,42,帝國海上基地
2162739,4879321,27,1200,1659,42,黃昏灣的羅羅力特像
2162740,4879611,22,1800,459,43,黑塵驛站
2162741,4879612,52,1200,1659,43,納爾之門
2162742,4879625,22,1200,1659,44,火牆
2162743,4879626,22,800,1159,44,黃金市集
2162744,4879627,58,1800,459,44,札爾神祠
2162745,4879628,58,500,759,45,納爾神祠
2162746,4879629,22,500,759,45,不悔戰陣
2162747,4879630,22,1200,1659,45,工藝神擊
2162748,4879631,22,1200,1659,45,喀恩埋沒聖堂
2162749,4879632,30,500,759,45,米諾陶洛斯里程
2162750,4879633,31,500,759,46,東側監視塔
2162751,4879634,22,1800,459,46,青磷水輸送管
2162752,4879635,22,1200,1659,46,藍霧
2162753,4879636,22,800,1159,46,勞班緩衝地
2162754,4879637,22,1800,459,46,艾瑪姬娜秘銀廢礦
2162755,4879638,22,1700,1759,63,劍峰
2162756,4879639,22,1800,459,63,阿德內爾占星台
2162757,4879640,22,800,1159,63,龍族遺骸
2162758,4879641,22,500,759,63,皇都伊修加爾德
2162759,4879642,22,1700,1759,63,巨石丘
2162760,4879643,22,1800,459,63,戰爭神秘石
2162761,4879644,22,800,1159,63,披雪大冰壁
2162762,4879645,22,1200,1659,63,巨龍首營地
2162763,4879646,22,500,759,63,鋼衛塔
2162764,4879647,22,1200,1659,67,帝國中央堡
2162765,4879648,22,1800,459,67,水晶塔
2162766,4879649,22,1200,1659,67,早霜頂
2162767,4879650,52,1700,1759,67,密約之塔
2162768,5927558,22,0,0,2200,隼巢
2162769,5927559,22,0,0,2200,交匯河營地
2162770,5927560,22,0,0,2200,臥龍島
2162771,5927561,22,0,0,2200,暮衛塔
2162772,5927562,22,0,0,2200,戈爾加涅牧場
2162773,5959933,22,0,0,2200,鐵杉村
2162774,5959936,22,0,0,2200,雪人居所
2162775,5927563,22,0,0,2000,骨頜族墓穴
2162776,5927564,22,0,0,2000,不潔村落
2162777,5927565,22,0,0,2000,不潔三塔
2162778,5927566,22,0,0,2000,悲嘆飛泉
2162779,5927567,58,0,0,2000,光輪祭壇
2162780,5959938,22,0,0,2000,尾羽部落
2162781,5959940,22,0,0,2000,索姆阿爾靈峰
2162782,5927570,22,0,0,2002,莫古利之家
2162783,5927571,22,0,0,2002,龍巢神殿
2162784,5927572,22,0,0,2002,惋惜之晶遺跡
2162785,5927573,22,0,0,2002,天極白堊宮
2162786,5927574,58,0,0,2002,人王像
2162787,5959944,22,0,0,2002,書信之家
2162788,5959946,22,0,0,2002,飛龍港
2162789,5927575,22,0,0,2100,雲頂營地
2162790,5927576,13,0,0,2100,候鳥雲巢
2162791,5927577,22,0,0,2100,沃仙曦染
2162792,5927578,22,0,0,2100,魔窟離島
2162793,5927579,22,0,0,2100,落羽大房
2162794,5959948,22,0,0,2100,瓦納溫杜部落
2162795,5959950,22,0,0,2100,亨格坩堝
2162796,5927586,22,0,0,2001,宗匠大工坊
2162797,5927587,22,0,0,2001,薩雷安治學區
2162798,5927588,22,0,0,2001,先賢偉業紀念碑
2162799,5927589,22,0,0,2001,知識神水瓶
2162800,5927590,22,0,0,2001,迦巴勒幻想圖書館
2162801,5959952,22,0,0,2001,奧恩原生林
2162802,5959954,22,0,0,2001,聖茉夏娜植物園
2162803,5927581,22,0,0,2101,飛空戰艦格拉提翁號
2162804,5927582,22,0,0,2101,無限回廊
2162805,5927583,22,0,0,2101,對偶處刑台
2162806,5927584,22,0,0,2101,魔科學研究所
2162807,5927585,22,0,0,2101,螺旋港
2162808,5959957,22,0,0,2101,隔離實驗島
2162809,5959961,22,0,0,2101,重組實驗室
2162810,6139045,34,0,0,2200,征龍像
2162811,6139049,22,0,0,2200,黑鐵大橋
2162812,6139057,52,0,0,2200,龍涎
2162813,6139066,23,0,0,2200,板岩連峰
2162814,6140318,22,0,0,2000,寬慰河
2162815,6140320,22,0,0,2000,自由腦巢穴
2162816,6140322,22,0,0,2000,悄聲小道
2162817,6140325,22,0,0,2000,龍人路
2162818,6140655,58,0,0,2002,無名的龍雕像
2162819,6140660,22,0,0,2002,人王遺跡
2162820,6140662,22,0,0,2002,最高大的樹
2162821,6140665,22,0,0,2100,寒風島
2162822,6140675,22,0,0,2100,破碎脊骨
2162823,6140678,22,0,0,2100,起源島
2162824,6140687,22,0,0,2001,沙利亞克大瀑布
2162825,6140689,22,0,0,2001,碩學之路
2162826,6140691,22,0,0,2001,小刀石柱群
2162827,6140698,22,0,0,2101,水晶增殖爐
2162828,6140704,22,0,0,2101,生體培養局
2162829,6140707,22,0,0,2101,古代大教堂
2162830,6906521,22,0,0,2406,威羅迪納基地
2162831,6906704,22,0,0,2406,幻我園
2162832,6906707,22,0,0,2406,開宗堂
2162833,6906712,22,0,0,2406,帝國東方堡
2162834,6906714,22,0,0,2406,昏暗林
2162835,6906738,22,0,0,2406,賈萳寢宮
2162836,6906744,22,0,0,2406,對等石
2162837,6942996,22,0,0,2407,藏淚丘
2162838,6943051,22,0,0,2407,寒爐村
2162839,6943057,22,0,0,2407,紐恩克雷夫的方舟
2162840,6943060,22,0,0,2407,阿拉加納
2162841,6943071,22,0,0,2407,御制監望塔
2162842,6943073,22,0,0,2407,贖罪之腕
2162843,6943083,22,0,0,2407,赤紅神塔
2162844,6943089,22,0,0,2407,啟程回廊
2162845,6943900,22,0,0,2408,要塞城邦阿拉米格
2162846,6943906,22,0,0,2408,阿拉米格人居住區
2162847,6943909,22,0,0,2408,望雲塔
2162848,6943913,58,0,0,2408,聖禮拜台
2162849,6943920,22,0,0,2408,地下水路
2162850,6943927,22,0,0,2408,天營門
2162851,6970191,22,0,0,2404,赤誠組營房前
2162852,6970196,52,0,0,2404,望海樓
2162853,6970204,22,0,0,2404,小金街
2162854,6970213,22,0,0,2404,小金街後巷
2162855,6970221,22,0,0,2404,潮風亭
2162856,6943944,22,0,0,2409,碧玉水
2162857,6944094,22,0,0,2409,沖之岩
2162858,6944110,22,0,0,2409,天之御柱
2162859,6944199,22,0,0,2409,酒杯島
2162860,6944211,22,0,0,2409,絕鬼島
2162861,6944221,22,0,0,2409,漁村
2162862,6944443,22,0,0,2410,岩燕廟
2162863,6944449,22,0,0,2410,帝國河畔堡
2162864,6944451,22,0,0,2410,茨菰村
2162865,6944454,22,0,0,2410,七彩溝
2162866,6944466,22,0,0,2410,多瑪城
2162867,6944483,22,0,0,2410,大龍月門
2162868,6944489,22,0,0,2410,弓束官邸
2162869,6944525,22,0,0,2411,喬爾艾恩石環
2162870,6944572,22,0,0,2411,朵塔兒水洲
2162871,6944578,22,0,0,2411,暮暉王座
2162872,6944622,22,0,0,2411,重逢市集
2162873,6944626,58,0,0,2411,恰佳遺骨堂
2162874,6944631,22,0,0,2411,晨曦王座
2162875,7151071,22,0,0,2403,破壞神像
2162876,7151075,22,0,0,2403,血雨的訓誡
2162877,7151080,22,1800,459,2406,呵欠洞
2162878,7151082,22,0,0,2407,阿拉基利
2162879,7151093,22,0,0,2407,御制監望塔2
2162880,7151097,22,0,0,2408,沉沒的破壞神像
2162881,7151100,22,0,0,2408,阿拉米格人居住區2
2162882,7151103,22,0,0,2404,瑞光像
2162883,7151105,22,0,0,2404,樂座街
2162884,7151107,22,0,0,2404,轉魂塔廣場
2162885,7151109,22,0,0,2404,黃金船庫
2162886,7151115,22,0,0,2409,紫水宮
2162887,7151117,22,500,759,2409,奧薩德東岸
2162888,7151135,22,0,0,2409,痙攣寨
2162889,7151167,22,0,0,2410,高速魔導驅逐艇L-XXIII
2162890,7151169,22,0,0,2411,模兒衣樓
2162891,7151171,22,0,0,2411,摩艾石像
2162892,8011380,22,0,0,2951,圓頂區
2162893,8011413,22,0,0,2951,宇宙和音
2162894,8011422,22,0,0,2951,博物陳列館
2162895,8011484,22,0,0,2951,狂喜圓塔群
2162896,8011541,22,0,0,2951,聖林牧場
2162897,8026595,22,0,0,2952,光榮門
2162898,8026557,22,0,0,2952,廢船街
2162899,8026555,22,0,0,2952,遊末邦軍總司令部
2162900,8026553,22,0,0,2952,蜂箱夜總會
2162901,8025302,22,0,0,2953,喬布要塞
2162902,8025305,22,0,0,2953,拉迪斯卡瞭望塔
2162903,8025307,22,0,0,2953,拉克汕城
2162904,8025309,22,0,0,2953,奧斯塔爾嚴命城
2162905,8025311,22,0,0,2953,責罰監獄
2162906,8025313,22,0,0,2953,陰沉鄉
2162907,8025315,22,0,0,2954,碎貝海岸
2162908,8025317,22,0,0,2954,白油瀑布
2162909,8025319,22,0,0,2954,門前區
2162910,8025356,22,0,0,2954,工匠村
2162911,8025358,22,0,0,2954,大升降機
2162912,8025360,22,0,0,2954,特美拉村
2162913,8025362,22,0,0,2954,侏儒煙囪
2162914,8025399,22,0,0,2955,紅店野營地
2162915,8025401,22,0,0,2955,鼴靈市集
2162916,8025403,22,0,0,2955,安穆馬利克新宮殿
2162917,8025437,22,0,0,2955,比朗大礦山
2162918,8025439,22,0,0,2955,絡尾部落
2162919,8025441,22,0,0,2955,凱爾克遺跡
2162920,8025443,22,0,0,2956,群花館
2162921,8025445,22,0,0,2956,篤學者莊園
2162922,8025447,22,0,0,2956,普拉恩尼茸洞
2162923,8025492,22,0,0,2956,魚群鎮
2162924,8025449,22,0,0,2956,夢羽城
2162925,8025451,22,0,0,2956,聖法斯里克天庭
2162926,8026177,22,0,0,2957,戈恩要塞
2162927,8026189,22,0,0,2957,水蛇寶卵
2162928,8026191,22,0,0,2957,朵瓦特里沉沒神殿
2162929,8026220,22,0,0,2957,洛查特爾大階梯
2162930,8026212,22,0,0,2957,法諾村
2162931,8030804,22,0,0,2957,四晨星
2162932,8030162,22,0,0,2958,鰭人潮池
2162933,8030153,22,0,0,2958,奇人工作室
2162934,8030157,22,0,0,2958,陸人墓標
2162935,8030137,22,0,0,2958,尊紫洞
2162936,8030125,22,0,0,2958,亞馬烏羅提
2162937,8960844,22,0,0,3706,萊韋耶勒爾府
2162938,8960848,22,0,0,3706,知識神海港
2162939,8960850,22,0,0,3706,哲學家議會會場
2162940,8960852,22,0,0,3706,所思大書院
2162941,8960853,22,0,0,3706,哲學家廣場
2162942,8960863,22,0,0,3706,漂流的終點
2162943,8960864,22,0,0,3706,公開講堂
2162944,8961051,22,0,0,3707,魯維達紡絲局
2162945,8961053,22,0,0,3707,巴爾夏恩大巴扎
2162946,8961054,22,0,0,3707,妮洛帕拉畜產局
2162947,8961055,22,0,0,3707,梅麗德酒房
2162948,8961056,22,0,0,3707,雲使宮
2162949,8961057,22,0,0,3707,阿扎達爾廟
2162950,9024728,22,0,0,3707,魯維達紡絲局空中花園
2162951,8961060,22,0,0,3708,詭巧之路
2162952,8961061,22,0,0,3708,驚愕所
2162953,8961062,22,0,0,3708,梅麗奧爾實驗農場
2162954,8961063,22,0,0,3708,洞穴生物繁殖區
2162955,8961064,22,0,0,3708,小薩雷安
2162956,8961068,22,0,0,3709,新港
2162957,8961069,22,0,0,3709,卡嘉雅舞臺
2162958,8961067,22,0,0,3709,巨膽石採掘場
2162959,8961070,22,0,0,3709,眾僧林園
2162960,8961071,22,0,0,3709,摩耶幻泉
2162961,8961072,22,0,0,3709,代米爾遺烈鄉
2162962,8961073,22,0,0,3710,第三站
2162963,8961124,22,0,0,3710,朱圖爾娜七號水上鑽井平臺
2162964,8961125,22,0,0,3710,脫軌列車
2162965,8961126,22,0,0,3710,加雷馬元老院
2162966,8961127,22,0,0,3710,都市區
2162967,8961128,22,0,0,3710,索魯斯廣場
2162968,8961129,22,0,0,3713,異土庭
2162969,8961130,22,0,0,3713,轉移六洋院
2162970,8961131,22,0,0,3713,忘海
2162971,8961132,22,0,0,3713,極北造物院
2162972,8961133,22,0,0,3713,醒悟天測園
2162973,8961134,22,0,0,3711,希德尼亞丘陵
2162974,8961135,22,0,0,3711,胡蘿蔔所
2162975,8961136,22,0,0,3711,最偉大的森林
2162976,8961137,22,0,0,3711,海姆達爾級觀察艇殘骸
2162977,8961138,22,0,0,3711,監視者之館
2162978,8961139,22,0,0,3712,斯提格瑪一
2162979,8961140,22,0,0,3712,瓦銘癸己
2162980,8961141,22,0,0,3712,瓦銘丙
2162981,8961142,22,0,0,3712,瓦銘癸辛
2162982,8961143,22,0,0,3712,瓦銘甲
2162983,10507030,22,0,0,4504,海岸鳥群市場
2162984,10507035,22,0,0,4504,翼鏡街
2162985,10507036,22,0,0,4504,滿潮港
2162986,10507037,22,0,0,4504,船頭小屋
2162987,10507038,22,0,0,4504,心火塔
2162988,10507060,22,0,0,4505,瓦丘恩佩洛
2162989,10507061,22,0,0,4505,米普露瑪黛茶園
2162990,10507062,22,0,0,4505,哀苦的遺影
2162991,10507063,22,0,0,4505,納尤戈納
2162992,10507064,22,0,0,4505,其瓦固鹽田
2162993,10507066,22,0,0,4505,沃刻拉朵山
2162994,10507336,22,0,0,4506,繁茂溫風大房
2162995,10507337,22,0,0,4506,星光滿溢洞窟
2162996,10507338,22,0,0,4506,竿網棧橋
2162997,10507339,22,0,0,4506,乾燥聖地
2162998,10507340,22,0,0,4506,土陶郡
2162999,10507341,22,0,0,4506,虹彩水底
2163000,10507577,22,0,0,4507,紅豹村
2163001,10507579,22,0,0,4507,赤血天坑
2163002,10507580,22,0,0,4507,白燼古戰場
2163003,10507581,22,0,0,4507,天降重石
2163004,10507583,22,0,0,4507,加提卡海心
2163005,10507585,22,0,0,4507,幻煌樹
2163006,10509664,22,0,0,4508,胡薩塔伊驛鎮
2163007,10509665,22,0,0,4508,美花黑澤恩
2163008,10509666,22,0,0,4508,特利湖
2163009,10509667,22,0,0,4508,帕耶海帕山丘
2163010,10509668,22,0,0,4508,清風低語的山丘
2163011,10509341,22,0,0,4503,指引所
2163012,10509342,22,0,0,4503,居住區域
2163013,10509344,22,0,0,4503,馬賽克咖啡
2163014,10509345,22,0,0,4503,真唯大道
2163015,10509346,22,0,0,4503,聯合商城
2163016,10509776,22,0,0,4509,落雷場
2163017,10509777,22,0,0,4509,邊郊鎮
2163018,10509779,22,0,0,4509,永護塔
2163019,10509780,22,0,0,4509,帶雷危險區域
2163020,10509781,22,0,0,4509,留下名字的墓地
2163021,10509783,22,0,0,4509,舊亞歷山德里亞
2163022,10509804,22,0,0,4510,中央終端
2163023,10509805,22,0,0,4510,運河鎮
2163024,10510306,22,0,0,4510,昨日樂園
2163025,10510307,22,0,0,4510,風途園圃
2163026,10510308,22,0,0,4510,火山庇護所
2163027,10510309,22,0,0,4510,過去的神子之路
