key,Name,TextCommand
0,,0
1,驚訝,402
2,不滿,403
3,憤怒,404
4,害羞,405
5,行禮,406
6,加油,407
7,拍手,408
8,招手,409
9,安慰,410
10,哭泣,411
11,跳舞,412
12,質疑,413
13,打盹,414
14,後悔,415
15,道別,416
16,揮手,417
17,莫名,418
18,高興,419
19,下跪,420
20,輕笑,421
21,大笑,422
22,張望,423
23,展示,424
24,搖頭,425
25,否定,426
26,慌張,427
27,指向,428
28,用手指戳,429
29,稱讚,430
30,激勵,431
31,敬禮,432
32,震驚,433
33,聳肩,434
34,鼓勵,435
35,安撫,436
36,迷糊,437
37,伸展,438
38,慍怒,439
39,思考,440
40,失望,441
41,歡迎,442
42,點頭,443
43,肯定,444
44,自視,445
45,擺造型,446
46,飛吻,447
47,下跪認錯,448
48,欣喜若狂,449
49,大失所望,450
50,坐下,451
51,起身,0
52,坐下到地上,453
53,起身,0
54,引用,455
55,黑渦團軍禮,456
56,雙蛇黨軍禮,457
57,不滅隊軍禮,458
58,祈禱,459
59,帝國式軍禮,460
60,頭部裝備操作,461
61,頭部裝備操作,0
62,百萬火光,463
63,練武,464
64,魅惑擁抱,465
65,聲援小藍,466
66,聲援小黃,467
67,聲援小紅,468
68,表情：平常,469
69,表情：微笑,470
70,表情：笑容,471
71,表情：自信,472
72,表情：無畏,473
73,表情：閉目,474
74,表情：悲傷,475
75,表情：恐怖,476
76,表情：意外,477
77,表情：痛苦,478
78,表情：反感,479
79,表情：吃驚,480
80,表情：擔心,481
81,表情：咧嘴,482
82,表情：沉思,483
83,表情：皺眉,484
84,表情：苦笑,485
85,投擲,486
86,投雪球,0
87,投雪球,0
88,睡覺,0
89,,0
90,改變姿勢,491
91,,0
92,,0
93,,0
94,,0
95,,0
96,,0
97,,0
98,,0
99,,0
100,,0
101,踢踏舞,502
102,豐饒之舞,503
103,宮廷之舞,504
104,紳士之舞,505
105,撫摸,506
106,遞交,507
107,,0
108,,0
109,火盆舞,510
110,勝利歡呼,511
111,甩巴掌,512
112,擁抱,513
113,深情擁抱,514
114,紳士風度,515
115,對拳,516
116,,0
117,,0
118,薩維奈舞,519
119,黃金之舞,520
120,太陽之舞,521
121,準備戰鬥,522
122,歡呼勝利,523
123,後空翻,524
124,抱拳禮,525
125,靈光一現,526
126,莫古莫古舞,527
127,太棒了！,528
128,熱身,529
129,東方傳統舞蹈,530
130,戰隊演武正紅一式,531
131,戰隊演武正黑二式,532
132,戰隊演武正黃三式,533
133,表情：拋媚眼右,534
134,戰隊演武逆紅一式,535
135,戰隊演武逆黑二式,536
136,戰隊演武逆黃三式,537
137,捂臉,538
138,斬鐵劍,539
139,肉體之美,540
140,默哀,541
141,表情：陰險,542
142,撒嬌,543
143,裝死,544
144,寒冰的幻想,545
145,日月之舞,546
146,表達愛意,547
147,表達愛意,0
148,托眼鏡,549
149,小黃鶯之舞,550
150,浮水,551
151,水中翻跟斗,552
152,表情：嘟嘴,553
153,蓄力迸發,554
154,行東方禮,555
155,深蹲,556
156,伏地挺身,557
157,仰臥起坐,558
158,深呼吸,559
159,說話,560
160,表情：認真,561
161,表情：困惑,562
162,表情：柔和,563
163,表情：滿足,564
164,立正,565
165,稍息,566
166,練拳,567
167,祝禱,568
168,,0
169,害怕,570
170,單膝跪地,571
171,大吃一驚,572
172,打招呼,573
173,方形步,574
174,側步,575
175,究極,576
176,胡鷹之舞,577
177,,0
178,撩水,579
179,,0
180,好熱,581
181,好冷,582
182,說明,583
183,表情：思索,584
184,表情：拋媚眼左,585
185,幻想舞步,586
186,波波托步,587
187,哼歌,588
188,確認,589
189,說明計畫,590
190,表情：忍耐,591
191,神典石,592
192,趾踵步,593
193,古卜步,594
194,心意,595
195,振作精神,596
196,提醒,597
197,優雅仙人掌怪,598
198,紳士舞步,599
199,啦哩吼,600
200,歐米茄M架勢,601
201,歐米茄F架勢,602
202,乾杯,603
203,背靠,604
204,頭痛,605
205,打響指,606
206,吃麵包,607
207,看書,608
208,堅持主張,609
209,疑問,610
210,嘿喲,611
211,花雨,612
212,烈焰之舞,613
213,擊掌,614
214,巡視,615
215,詛咒,616
216,蜜蜂之舞,617
217,啦哩吼舞,618
218,改變姿勢,0
219,改變姿勢,0
220,吃飯糰,621
221,吃蘋果,622
222,搓手,623
223,掃地,624
224,黑色陸行鳥之筆,625
225,紅色陸行鳥之筆,626
226,黃色陸行鳥之筆,627
227,藍色陸行鳥之筆,628
228,表情：假笑,629
229,默劇,630
230,疑惑,631
231,噓,632
232,吃披薩,633
233,抱頭,634
234,吃戀人巧克力,635
235,吃水煮蛋,636
236,表情：幸福,637
237,收回武器,638
238,亮出武器,639
239,飲用紅茶,640
240,幹勁十足,641
241,展現右側,642
242,展現左側,643
243,,0
244,,0
245,叛逆精神,646
246,兩眼放光,647
247,吃南瓜餅乾,648
248,觀戰,649
249,魔術,650
250,公主之舞,651
251,通訊珠,652
252,搖兔兔耳,653
253,,0
254,,0
255,,0
256,嚇唬人,657
257,威光降臨,658
258,雀躍1,659
259,雀躍2,660
260,雀躍3,661
261,雀躍4,662
262,雀躍5,663
263,手撫胸,664
264,聲援小白,665
265,聲援小紫,666
266,聲援小綠,667
267,守護天節的魔咒,668
268,守護天節的魔咒,0
269,兔兔舞,670
270,比對文獻,671
271,吃炸雞,672
272,眾生離絕,673
273,垂頭喪氣,674
274,比心,675
275,得意洋洋,676
276,大獲全勝,677
277,煎蛋,678
278,搧大團扇,679
279,待命,680
280,澆水,681
281,搖雪克杯,682
282,象徵自由的姿勢,683
283,贈送花束,684
284,吹泡泡,685
285,噢霍卡利,686
286,用觸控板記錄,687
287,,0
288,拍照,689
289,,0
290,,0
291,大驚小怪,692
292,轉圈,693
293,暈頭轉向,694
294,氣得發抖,695
295,玩神典石,696
296,認真看書,697
297,,0
298,,0
299,,0
300,,0
301,,0
302,,0
303,,0
304,,0
305,,0
306,,0
307,,0
308,,0
309,,0
310,,0
311,,0
312,,0
313,,0
314,,0
315,,0
316,,0
317,,0
318,,0
319,,0
320,,0
